20150203 69
20150211 93
20150301 103
20150325 62
20150402 0
20150421 74
20150423 0
20150505 59
20150513 82
20150526 149
20150609 42
20150619 26
20150624 22
20150625 14
20150710 64
20150715 102
20150723 154
20150807 65
20150812 90
20150817 57
20150819 41
20150820 46
20150821 95
20150903 72
20150916 61
20150924 265
20151113 88
20151117 32
20151118 123
20151119 202
20151207 35
20160111 45
20160114 22
20160120 25
20160309 274
20160310 8
20160311 16
20160323 76
20160329 47
20160401 8
20160405 7
20160407 0
20160412 59
20160418 41
20160419 72
20160420 0
20160425 23
20160427 6
20160428 58
20160429 118
20160505 28
20160506 101
20160509 15
20160510 15
20160511 6
20160512 6
20160513 2
20160517 7
20160518 54
20160519 73
20160523 6
20160608 78
20160609 207
20160610 16
20160614 65
20160615 10
20160620 75
20160622 35
20160623 31
20160802 37
20160803 40
20160804 101
20160818 31
20160819 59
20160823 10
20160824 6
20160831 16
20160901 8
20160929 10
20161007 18
20161026 12
20161106 26
20161108 16
20161111 37
20161116 14
20161117 33
20170106 0
20170109 0
20170110 0
20170124 67
20170125 6
20170126 83
20170130 1
20170131 7
20170203 17
20170210 24
20170216 10
20170217 28
20170224 22
20170307 16
20170308 40
20170412 20
20170426 15
20170503 12
20170629 28
20170630 48
20170720 21
